134 12
135 12
136 12
137 12
135 11
136 11
137 11
136 10
137 10
137 9
140 12
141 12
142 12
143 12
140 11
141 11
142 11
140 10
141 10
140 9
148 12
149 12
150 12
151 12
152 12
149 11
150 11
151 11
152 11
150 10
151 10
152 10
151 9
152 9
155 12
156 12
157 12
158 12
155 11
156 11
157 11
155 10
156 10
155 9
182 12
183 12
184 12
185 12
186 12
187 12
188 12
189 12
190 12
183 11
184 11
185 11
186 11
187 11
188 11
189 11
190 11
184 10
185 10
186 10
187 10
188 10
189 10
190 10
185 9
186 9
187 9
188 9
189 9
190 9
186 8
187 8
188 8
189 8
190 8
187 7
188 7
189 7
190 7
188 6
189 6
190 6
189 5
190 5
190 6
198 12